N <- 11
x <- 
c(-10, -8, -6, -4, -2, 0, 2, 4, 6, 8, 10)
y <- 
c(-0.305988266182247, -2.41589896273075, -1.06836461380112, 4.05275324290184, 1.84249077019633, -0.65651886427008, -1.50392666731138, 2.5759815208773, -4.94010360309611, -0.532962170629068,
-1.2348672387652)
N_predict <- 501
x_predict <- 
c(-10, -9.96, -9.92, -9.88, -9.84, -9.8, -9.76, -9.72, -9.68, -9.64, -9.6, -9.56, -9.52, -9.48, -9.44, -9.4, -9.36, -9.32, -9.28, -9.24, -9.2, -9.16, -9.12, -9.08, -9.04, -9, -8.96,
-8.92, -8.88, -8.84, -8.8, -8.76, -8.72, -8.68, -8.64, -8.6, -8.56, -8.52, -8.48, -8.44, -8.4, -8.36, -8.32, -8.28, -8.24, -8.2, -8.16, -8.12, -8.08, -8.04, -8, -7.96, -7.92, -7.88, -7.84, -7.8, -7.76,
-7.72, -7.68, -7.64, -7.6, -7.56, -7.52, -7.48, -7.44, -7.4, -7.36, -7.32, -7.28, -7.24, -7.2, -7.16, -7.12, -7.08, -7.04, -7, -6.96, -6.92, -6.88, -6.84, -6.8, -6.76, -6.72, -6.68, -6.64, -6.6, -6.56,
-6.52, -6.48, -6.44, -6.4, -6.36, -6.32, -6.28, -6.24, -6.2, -6.16, -6.12, -6.08, -6.04, -6, -5.96, -5.92, -5.88, -5.84, -5.8, -5.76, -5.72, -5.68, -5.64, -5.6, -5.56, -5.52, -5.48, -5.44, -5.4, -5.36,
-5.32, -5.28, -5.24, -5.2, -5.16, -5.12, -5.08, -5.04, -5, -4.96, -4.92, -4.88, -4.84, -4.8, -4.76, -4.72, -4.68, -4.64, -4.6, -4.56, -4.52, -4.48, -4.44, -4.4, -4.36, -4.32, -4.28, -4.24, -4.2, -4.16,
-4.12, -4.08, -4.04, -4, -3.96, -3.92, -3.88, -3.84, -3.8, -3.76, -3.72, -3.68, -3.64, -3.6, -3.56, -3.52, -3.48, -3.44, -3.4, -3.36, -3.32, -3.28, -3.24, -3.2, -3.16, -3.12, -3.08, -3.04, -3, -2.96,
-2.92, -2.88, -2.84, -2.8, -2.76, -2.72, -2.68, -2.64, -2.6, -2.56, -2.52, -2.48, -2.44, -2.4, -2.36, -2.32, -2.28, -2.24, -2.2, -2.16, -2.12, -2.08, -2.04, -2, -1.96, -1.92, -1.88, -1.84, -1.8, -1.76,
-1.72, -1.68, -1.64, -1.6, -1.56, -1.52, -1.48, -1.44, -1.4, -1.36, -1.32, -1.28, -1.24, -1.2, -1.16, -1.12, -1.08, -1.04, -1, -0.960000000000001, -0.92, -0.880000000000001, -0.84, -0.800000000000001,
-0.76, -0.720000000000001, -0.68, -0.640000000000001, -0.6, -0.56, -0.52, -0.48, -0.44, -0.4, -0.359999999999999, -0.32, -0.279999999999999, -0.24, -0.199999999999999, -0.16, -0.119999999999999,
-0.0800000000000001, -0.0399999999999991, 0, 0.0399999999999991, 0.0800000000000001, 0.119999999999999, 0.16, 0.199999999999999, 0.24, 0.279999999999999, 0.32, 0.359999999999999, 0.4, 0.44, 0.48, 0.52,
0.56, 0.6, 0.640000000000001, 0.68, 0.720000000000001, 0.76, 0.800000000000001, 0.84, 0.880000000000001, 0.92, 0.960000000000001, 1, 1.04, 1.08, 1.12, 1.16, 1.2, 1.24, 1.28, 1.32, 1.36, 1.4, 1.44,
1.48, 1.52, 1.56, 1.6, 1.64, 1.68, 1.72, 1.76, 1.8, 1.84, 1.88, 1.92, 1.96, 2, 2.04, 2.08, 2.12, 2.16, 2.2, 2.24, 2.28, 2.32, 2.36, 2.4, 2.44, 2.48, 2.52, 2.56, 2.6, 2.64, 2.68, 2.72, 2.76, 2.8, 2.84,
2.88, 2.92, 2.96, 3, 3.04, 3.08, 3.12, 3.16, 3.2, 3.24, 3.28, 3.32, 3.36, 3.4, 3.44, 3.48, 3.52, 3.56, 3.6, 3.64, 3.68, 3.72, 3.76, 3.8, 3.84, 3.88, 3.92, 3.96, 4, 4.04, 4.08, 4.12, 4.16, 4.2, 4.24,
4.28, 4.32, 4.36, 4.4, 4.44, 4.48, 4.52, 4.56, 4.6, 4.64, 4.68, 4.72, 4.76, 4.8, 4.84, 4.88, 4.92, 4.96, 5, 5.04, 5.08, 5.12, 5.16, 5.2, 5.24, 5.28, 5.32, 5.36, 5.4, 5.44, 5.48, 5.52, 5.56, 5.6, 5.64,
5.68, 5.72, 5.76, 5.8, 5.84, 5.88, 5.92, 5.96, 6, 6.04, 6.08, 6.12, 6.16, 6.2, 6.24, 6.28, 6.32, 6.36, 6.4, 6.44, 6.48, 6.52, 6.56, 6.6, 6.64, 6.68, 6.72, 6.76, 6.8, 6.84, 6.88, 6.92, 6.96, 7, 7.04,
7.08, 7.12, 7.16, 7.2, 7.24, 7.28, 7.32, 7.36, 7.4, 7.44, 7.48, 7.52, 7.56, 7.6, 7.64, 7.68, 7.72, 7.76, 7.8, 7.84, 7.88, 7.92, 7.96, 8, 8.04, 8.08, 8.12, 8.16, 8.2, 8.24, 8.28, 8.32, 8.36, 8.4, 8.44,
8.48, 8.52, 8.56, 8.6, 8.64, 8.68, 8.72, 8.76, 8.8, 8.84, 8.88, 8.92, 8.96, 9, 9.04, 9.08, 9.12, 9.16, 9.2, 9.24, 9.28, 9.32, 9.36, 9.4, 9.44, 9.48, 9.52, 9.56, 9.6, 9.64, 9.68, 9.72, 9.76, 9.8, 9.84,
9.88, 9.92, 9.96, 10)
y_predict <- 
c(-0.305988266182247, 3.34174008064586, -2.61490347199229, 1.61097918691379, 1.0558064122263, -2.00876229596624, -0.240148217556361, -0.453516598198842, 2.80170402912392,
0.648662564843038, -1.67259335775811, -2.80605265819773, -3.16151314995775, -0.886544079215476, -3.04910858165709, -2.17918331878313, -0.638752319241566, 2.50688727933094, 2.08232091336262,
5.31556998283181, -0.241210140491155, 0.979651706225994, 2.24646473995147, -1.78176663851045, -2.87337135870624, -5.47049572029069, -0.461112441487482, -0.609468919986222, -0.120070623455597,
-0.813535436434924, -1.54072632980694, 2.47232524114563, 3.55312952474967, 1.09003514549596, 0.0103208101832336, 0.439787169895646, -0.379537837117219, 0.196615744585059, 1.98727329637249,
2.31056668659735, -0.662908516060186, 1.29389518417698, -2.22264776133992, 0.894703532894925, 2.5262316740867, 1.98765162031049, 2.6706192346459, 2.8150723180779, 1.82118475941442, 0.482031724369695,
-2.41589896273075, 3.03509643835006, 2.8038552488248, 1.32347515129098, -0.683584748843815, -0.572482375473632, -1.37000876217877, 2.74544478933133, -1.6049632318797, 1.59127251316798,
1.69205809808059, 0.872659058620656, 0.309391465908741, -0.870545241670643, 6.59980890861494, -2.07794965877808, -0.0284340702681746, -0.329111137944046, 0.402801036454768, 2.00764400120727,
-1.9110941100963, 0.607543298735506, -0.69120721489422, 2.09207038420366, 0.0932192946638333, 0.57745602371575, -1.78936150896339, 1.00265270611847, 1.17244279448187, -0.371460201148116,
-2.29176556101572, 2.26410422242598, 1.66834694688587, 2.83076591583042, 0.370820943641227, 2.38412014987799, 3.80606915730933, -0.342537706948914, -0.0829864686882603, 4.92392688179591,
0.622932422804992, 1.3218309471818, 4.38503208257455, 1.5073066526985, 1.61325326267734, 0.76583343994844, 3.4877832200556, 1.22011263591777, -1.8094667605104, 0.72417965905497, -1.06836461380112,
-0.869483478827401, 1.68837923597066, -2.98950825278122, 0.912542293119123, 1.05215388237177, 0.0274547200160609, 0.966766613781548, -3.14205942826765, -2.920436504821, 1.39342441971489,
0.0871236018555057, 1.31967687773654, 2.19861644294025, -1.69588077025533, 3.31681244638355, 4.46916038929162, 0.742215024168127, -0.162232514022774, -2.41514559370893, 0.238372491984137,
-0.0838771259222229, -0.232479204520409, 0.729383937088751, -3.77142256070775, 3.96680697685377, 0.556753243249479, -3.66990122341574, 2.20956530525898, 3.36276617174721, -1.30326896738125,
-2.07054620359966, -0.138813854256419, -1.90570463861983, 4.29076285933706, 1.80450517795005, -1.99151517555176, 2.24859203727973, 2.53310207530746, 3.06396448642094, 1.37193097857526,
-0.361850895837838, 0.283558132983712, 1.95998647867231, 1.85293747777672, 3.42452232280324, 0.474730688601633, 0.296303577288982, -0.419054599614767, -1.26457187204325, 4.05275324290184,
2.67890065751693, 0.403783069904792, -0.742741946416764, 2.12750138584656, 0.987969713817767, 0.592835398276497, -2.72952406568684, -0.890534313835057, -1.56819021835376, 4.00665351908847,
-0.2901502962852, -1.71735717440819, 2.90948238736533, -0.67879560918191, -0.291691044319703, -0.0794933545606074, 1.63362677307927, -1.07655123866788, -0.320000891997873, 1.64478410475569,
-1.94634395613227, -1.76748661971851, -1.79036352682187, -1.49011011940498, 0.714900913090046, 3.42255318390371, -0.0580243981810234, 0.114398745102119, -0.253539867956742, -0.342172574059842,
0.903015117688068, 2.07258495526371, 0.85168927914957, -3.6777272789597, 0.876503219031401, 1.97202350569361, -0.606317368126654, -0.274804633521345, -0.971475735667387, 0.748982200999052,
2.14910122682364, -2.28056151523838, -0.0724971091303248, 0.0781351617763549, -1.4029587919808, -1.33778480151804, -1.19839680228273, -1.24669545608632, 2.69671167549579, 1.84249077019633,
-0.412870690294414, -0.751579713314591, 1.2051927058899, -0.754537565174927, -3.19549479463256, -0.825214971557495, -1.31306226428153, 0.252754205612609, -0.570811040621958, -1.90970195598348,
-1.26370002034597, -4.19401384940945, 1.77227187381831, -1.26946710092455, -1.45083466203938, -3.43968119153315, 0.400425917998583, -0.204166045496094, -1.15453738811939, -0.685076900077835,
