f_total <- 
c(0.440998630889568, 0.450113528572208, 0.459220531748511, 0.468386150742987, 0.477522389126685, 0.486707497702613, 0.495901522162555, 0.505063553829377, 0.514231670525985,
0.523393429813718, 0.532560082267154, 0.541693646598948, 0.550799414177411, 0.559887870924665, 0.568975253459781, 0.577992841489441, 0.586981009418367, 0.595940081944633, 0.604822086568989,
0.613678294854123, 0.622467698804287, 0.631211934615115, 0.63986670563082, 0.648500945463141, 0.656995868810152, 0.665470043689658, 0.673845300044703, 0.682138640729464, 0.690350660195146,
0.698461357258349, 0.706475448252803, 0.714399775459101, 0.722216984066125, 0.729896484111693, 0.737500237200944, 0.744984264533538, 0.752334821189256, 0.759580131127616, 0.766691591826671,
0.773696054960677, 0.780536214769463, 0.787216653394602, 0.793809303095773, 0.800224203656213, 0.806525552666508, 0.812639063940253, 0.818631728261887, 0.824437465612588, 0.830122435530925,
0.835619479840345, 0.840955888322883, 0.846147532774126, 0.851144003121001, 0.855966295690689, 0.860620890145038, 0.865133264185123, 0.869413505671315, 0.873531795326082, 0.877460439036198,
0.881214896404371, 0.884782865169862, 0.888140975887211, 0.89132859696148, 0.894304100911728, 0.897113822393258, 0.899668533684739, 0.902061721015168, 0.90427014838566, 0.906261521433844,
0.908015857932571, 0.909605991480552, 0.910951750194112, 0.912135411047629, 0.913083170821432, 0.913816822307272, 0.914353247005591, 0.914683408726608, 0.91479897140221, 0.914681684255958,
0.914404957206268, 0.913843005081577, 0.913106749200904, 0.91214007113181, 0.910976325004391, 0.909598479631048, 0.907989971524736, 0.906164945900894, 0.90414921236106, 0.901898515841946,
0.899435289640949, 0.896769794559903, 0.893887941819852, 0.890758522847455, 0.887477917578581, 0.883930951994966, 0.880198666513313, 0.876231335786912, 0.872060475382518, 0.867686869336621,
0.863144723308162, 0.858344520718699, 0.853361384373072, 0.848137607247354, 0.84273105084104, 0.837140519774197, 0.831320099389878, 0.825313172953115, 0.819120791376233, 0.812703176183553,
0.806106666887415, 0.799303354145267, 0.792294832361848, 0.785131256296876, 0.777754703182567, 0.77019520310235, 0.762448612551135, 0.754499300963927, 0.746394006034116, 0.73808478306838,
0.729611225443566, 0.720968794334019, 0.712124843219039, 0.703123957611558, 0.693950607616856, 0.68459287472524, 0.675090999893659, 0.665419017051157, 0.655576521086791, 0.645561090102476,
0.635396953951056, 0.625093221581259, 0.614591818517214, 0.603985657636719, 0.593215022687259, 0.582295816276119, 0.571231969398578, 0.560020785778402, 0.548699438000337, 0.537184499551923,
0.525553039068724, 0.513800757982368, 0.501905040830365, 0.489883712317402, 0.477729014405252, 0.465466647438274, 0.453042781802417, 0.440540482515524, 0.427906065626396, 0.415149764957625,
0.402290963912549, 0.389285074243209, 0.376222954793793, 0.363034452921813, 0.349739396956899, 0.336336684453315, 0.322844588555045, 0.309243565663242, 0.295540856124575, 0.281726280292493,
0.267864415085622, 0.253906388508531, 0.239824329522716, 0.225701465736522, 0.21145086415589, 0.197141919766699, 0.182750794408725, 0.168292456211309, 0.153741945616997, 0.139136580272915,
0.124457810749385, 0.109676065628835, 0.0948477260552846, 0.0799788777395024, 0.065036342326932, 0.0499968411886594, 0.0349235983753915, 0.019776196726183, 0.00459269019479643, -0.0106560878712383,
-0.0259623371811772, -0.0413036402983047, -0.0567224272448186, -0.0721661832433352, -0.087649555936426, -0.103214426972975, -0.118791615645312, -0.134430299083751, -0.15009884902396,
-0.165818578111359, -0.181565475288601, -0.197356680412036, -0.213152879612955, -0.229005365472319, -0.244905992123857, -0.260817604083244, -0.276748957588732, -0.292733030215555, -0.308718887892657,
-0.324731875587783, -0.34077527393396, -0.356856066492448, -0.37294644831868, -0.389029724569145, -0.405148411936019, -0.42131118513821, -0.437469106038148, -0.45363411106542, -0.469792777413298,
-0.485992699371156, -0.502193013296019, -0.518379822765884, -0.534619277620141, -0.550846353944932, -0.567055493824915, -0.583298118919106, -0.599518335155598, -0.615760596175508, -0.631980492462238,
-0.648199754796718, -0.664405150382594, -0.680626147253873, -0.696860690608229, -0.713065123453014, -0.729251475497509, -0.745440642065482, -0.761599560944507, -0.777750929792331, -0.793905445548536,
-0.810041465340361, -0.826112513741469, -0.842194616927696, -0.858259570111207, -0.874315310141014, -0.890329150310386, -0.906297043638904, -0.922257110579098, -0.938187520644461, -0.954109296177125,
-0.969967108535756, -0.985796114139997, -1.00156636866996, -1.01733955589361, -1.03304070007298, -1.04871014763699, -1.06432055969106, -1.07993855567792, -1.09545803062418, -1.11092751110106,
-1.12637016219585, -1.14173239696543, -1.15705326170419, -1.17231004286901, -1.18752518334874, -1.20264184754143, -1.21773757790328, -1.23272217937277, -1.24766454510351, -1.26251360188122,
-1.27731172261441, -1.2920302392685, -1.30666503921736, -1.3212093340004, -1.33568767288313, -1.3500723258393, -1.36435124781016, -1.37858042003315, -1.39269606518575, -1.40669960847588,
-1.42063722978565, -1.43444263585008, -1.44817281569128, -1.46176731266024, -1.4752988834475, -1.48868198222071, -1.50194970436839, -1.51512211477396, -1.52816786435686, -1.54111121541496,
-1.55389244551448, -1.56655968887967, -1.57909983007662, -1.59151133919156, -1.60379262578967, -1.61594273535666, -1.62794682590392, -1.63979532646391, -1.65151675286846, -1.66307995319605,
-1.67449894070145, -1.68576761582272, -1.69686890212496, -1.707810440306, -1.71860634180951, -1.72924698912741, -1.73968961798511, -1.7499839564959, -1.76013949959976, -1.77006871697109,
-1.77985571937272, -1.78941748461909, -1.79886229408619, -1.80806211342765, -1.81710923046801, -1.82597668041557, -1.83466469860362, -1.84312018524087, -1.85139184456522, -1.85948305742147,
-1.86737526918042, -1.87504686987206, -1.88255827876033, -1.88983118860935, -1.89690030084881, -1.90374253967484, -1.91039221518804, -1.91685635047138, -1.92306609065185, -1.92910171116009,
-1.93490388916186, -1.94048210399125, -1.94583367231868, -1.9509861669093, -1.95590669778703, -1.96060499695783, -1.96506729684038, -1.96931085599419, -1.97333863950733, -1.97713672041426,
-1.98070298158601, -1.98402717255214, -1.98714865864147, -1.99001339765051, -1.99267262914925, -1.99507412222213, -1.9972488234448, -1.99923023753659, -2.0009482181223, -2.0024052910041,
-2.00369827938747, -2.00471378049488, -2.00551046725103, -2.00608692546603, -2.00640603146277, -2.00652449929324, -2.00639714402056, -2.00605059767524, -2.00544872699384, -2.00465494818403,
-2.00360116775741, -2.00235895675937, -2.00086605073863, -1.99914139646449, -1.99723494968283, -1.99507593158117, -1.99270793671035, -1.99011107003043, -1.98731096675724, -1.98430504209945,
-1.98106345146431, -1.97762770174166, -1.97397053276194, -1.97013634577865, -1.96606211746925, -1.96182191938369, -1.95733130821953, -1.95268678762012, -1.94786089398669, -1.94280801352529,
-1.93758795369206, -1.93216438548208, -1.92656391402015, -1.92077582983735, -1.91482705156482, -1.90870949999987, -1.90239152555388, -1.89590045917422, -1.88926569556727, -1.88247452319921,
-1.87554150765909, -1.86841436222087, -1.86117231727575, -1.85374115659741, -1.84619900627272, -1.83852491124813, -1.8306891902402, -1.8227422088003, -1.81464191190776, -1.80645184848379,
-1.79810020415481, -1.78964640947617, -1.78108867480129, -1.77244156715328, -1.76366139215317, -1.75479232638113, -1.74579743481596, -1.73675202010078, -1.72759887410659, -1.71837056375261,
-1.70905036189762, -1.69968180917944, -1.69020564624554, -1.68067929311404, -1.67111544718553, -1.66146466831603, -1.65178446358232, -1.64205031199954, -1.63225075882355, -1.62240487398655,
-1.61255995014436, -1.60267296168984, -1.59275616513338, -1.58281448099418, -1.57283965573305, -1.56285889050058, -1.55289820546686, -1.54290050237604, -1.53290012985297, -1.52291609855116,
